202301010111
202301010211
202301010311
202301010410
202301010411
202301010511
202301010611
202301020111
202301020208
202301020211
202301020408
202301020411
202301020511
202301020611
202301020710
202301020711
202301020809
202301020811
202302010211
202302010411
202302010511
202302010611
202302020111
202302020211
202302020311
202302020411
202302020511
202302020611
202303010104
202303010111
202303010210
202303010211
202303010411
202303010504
202303010511
202303020104
202303020111
202303020211
202303020311
202303020411
202303020501
202303020511
202303020610
202303020611
202303020711
202303020811
202303030111
202303030211
202303030311
202303030409
202303030411
202303030505
202303030511
202303030611
202304010101
202304010111
202304010211
202304010301
202304010311
202304010410
202304010411
202304010611
202304010704
202304010811
202304020104
202304020111
202304020210
202304020211
202304020310
202304020311
202304020408
202304020411
202304030111
202304030211
202304030304
202304030310
202304030311
202304030411
202304030510
202304030511
202304030610
202304030611
202304030704
202304030711
202304030811
202304040211
202304040304
202304040311
202304040411
202304040504
202304040511
202304040611
202305010109
202305010110
202305010111
202305010210
202305010211
202305010311
202305010410
202305010411
202305010510
202305010511
202305010609
202305010610
202305010611
202305010710
202305010711
202305010809
202305010810
202305010811
202305020110
202305020111
202305020210
202305020211
202305020309
202305020310
202305020311
202305020410
202305020411
202305020510
202305020511
202305020609
202305020610
202305020611
202305020710
202305020711
202305020810
202305020811
202305020812
202305020911
202305021010
202305021011
202305021012
202305021111
202305021209
202305021210
202305021211
202305021212
202305030111
202305030210
202305030211
202305030311
202305030410
202305030411
202305030511
202305030610
202305030611
202305030708
202305030711
202305030810
202305030811
202305040111
202305040210
202305040211
202305040310
202305040311
202305040410
202305040411
202305040509
202305040510
202305040511
202305040609
202305040610
202305040611
202305040710
202305040711
202305040810
202305040811
202305040910
202305040911
202305040912
202305050108
202305050110
202305050111
202305050210
202305050211
202305050310
202305050311
202305050409
202305050410
202305050411
202305050510
202305050511
202305050610
202305050611
202305050709
202305050710
202305050711
202305050811
202305050812
202306010109
202306010110
202306010111
202306010208
202306010210
202306010211
202306010310
202306010311
202306010410
202306010411
202306010510
202306010511
202306010609
202306010610
202306010611
202306010711
202306010810
202306010811
202306020111
202306020210
202306020211
202306020310
202306020311
202306020409
202306020410
202306020411
202306020510
202306020511
202306020610
202306020611
202306020708
202306020710
202306020711
202306020809
202306020810
202306020811
202306030109
202306030110
202306030111
202306030210
202306030211
202306030311
202306030411
202306030510
202306030511
202306030611
202306030710
202306030711
202306030810
202306030811
202306030812
202306040111
202306040210
202306040211
202306040311
202306040410
202306040411
202306040511
202306040608
202306040609
202306040611
202306040710
202306040711
202306040809
202306040811
202306040911
202306040912
202306050108
202306050111
202306050209
202306050210
202306050211
202306050310
202306050311
202306050410
202306050411
202306050511
202306050610
202306050611
202306050710
202306050711
202306050811
202306050812
202306050911
202306050912
202307010109
202307010110
202307010111
202307010210
202307010211
202307010310
202307010311
202307010410
202307010411
202307010510
202307010511
202307010610
202307010611
202307010709
202307010710
202307010711
202307010810
202307010811
202307010911
202307011009
202307011011
202307011109
202307011110
202307011111
202307011209
202307011210
202307011211
202307020111
202307020210
202307020211
202307020310
202307020311
202307020411
202307020511
202307020611
202307030111
202307030211
202307030304
202307030311
202307030411
202307030511
202307030611
202307030704
202307030711
202307030810
202307030811
202307040111
202307040211
202307040311
202307040411
202307040510
202307040511
202307040611
202308010110
202308010111
202308010210
202308010211
202308010311
202308010410
202308010411
202308010412
202308010510
202308010511
202308010609
202308010610
202308010611
202308010708
202308010710
202308010711
202308010810
202308010811
202308010910
202308010911
202308011010
202308011011
202308011110
202308011111
202308011210
202308011211
202308011212
202308020110
202308020111
202308020204
202308020210
202308020211
202308020310
202308020311
202308020411
202308020508
202308020510
202308020511
202308020512
202308020611
202308020710
202308020711
202308020712
202308020808
202308020810
202308020811
202308020910
202308020911
202308030110
202308030111
202308030210
202308030211
202308030308
202308030309
202308030310
202308030311
202308030410
202308030411
202308030510
202308030511
202308030611
202308030612
202308030710
202308030711
202308030810
202308030811
202308030812
202309010110
202309010111
202309010210
202309010211
202309010310
202309010311
202309010410
202309010411
202309010509
202309010510
202309010511
202309010609
202309010610
202309010611
202309010710
202309010711
202309010810
202309010811
202309010908
202309010910
202309010911
202309011010
202309011011
202309011110
202309011111
202309011210
202309011211
202309020104
202309020111
202309020210
202309020211
202309020308
202309020311
202309020410
202309020411
202309020412
202309020510
202309020511
202309020609
202309020610
202309020611
202309020612
202309020710
202309020711
202309020810
202309020811
202309030111
202309030201
202309030210
202309030211
202309030311
202309030410
202309030411
202309030501
202309030510
202309030511
202309030610
202309030611
202309030710
202309030711
202309030810
202309030811
202309040110
202309040111
202309040210
202309040211
202309040308
202309040309
202309040311
202309040410
202309040411
202309040511
202309040608
202309040611
202309040710
202309040711
202309040810
202309040811
202309040910
202309040911
202309050110
202309050111
202309050210
202309050211
202309050304
202309050311
202309050409
202309050410
202309050411
202309050504
202309050511
202309050610
202309050611
202309050612
202309050710
202309050711
202309050810
202309050811
202309050911
202309050912
202310010111
202310010211
202310010305
202310010411
202310010508
202310010611
202310010704
202310010811
202310020105
202310020211
202310020305
202310020411
202310020508
202310020611
202310030104
202310030111
202310030208
202310030210
202310030211
202310030311
202310030410
202310030411
202310030504
202310030509
202310030511
202310030611
202310030711
202310030810
202310030811
202330042712
202330050412
202330051112
202330051705
202330051804
202330052512
202330060105
202330060111
202330060808
202330061512
202330062108
202330062212
202330062712
202330062804
202330070412
202330070612
202330071108
202330071207
202330071312
202330071808
202330072012
202330072609
202330072712
202330080108
202330080809
202330080909
202330081012
202330081512
202330081612
202330081709
202330081711
202330082412
202330082912
202330083010
202330090612
202330090708
202330090712
202330091310
202330091412
202330092012
202330092109
202330092606
202330092710
202330092812
202330100512
202330101009
202330101112
202330101910
202330102609
202330102610
202330110111
202330110311
202330110710
202330110809
202330110812
202330110909
202330110912
202335050711
202335050811
202335050812
202335052111
202335052309
202335052310
202335070211
202335070412
202335071611
202335071712
202335071812
202335073011
202335073112
202335080108
202335080109
202335081310
202335081510
202335092410
202335092610
202335100809
202335100912
202335102207
202335102408
202335102412
202335110511
202335110712
202335111912
202335112012
202336031311
202336031312
202336032611
202336032811
202336032812
202336040912
202336041112
202336042310
202336042311
202336060412
202336061911
202336061912
202336062012
202336082710
202336082812
202336082912
202336091011
202336091211
202336091212
202336120312
202336120412
202336121910
202336121911
202336123009
202336123011
202336123110
202342011111
202342011210
202342021511
202342021611
202342032211
202342042611
202342042711
202342053111
202342060111
202342062911
202342071911
202342083011
202342092011
202342101811
202342112311
202342122111
202343011711
202343011811
202343012001
202343020811
202343020911
202343031511
202343031611
202343041211
202343041311
202343050211
202343050311
202343050411
202343050512
202343062011
202343062101
202343062111
202343072111
202343072511
202343080506
202343080911
202343092711
202343092811
202343102511
202343102611
202343112811
202343112911
202343113011
202343122011
202344012411
202344012511
202344012611
202344022105
202344022211
202344022311
202344030911
202344032911
202344033011
202344041911
202344042011
202344050911
202344051011
202344051111
202344052211
202344052411
202344052511
202344060711
202344060809
202344060811
202344062711
202344062811
202344062907
202344071211
202344071311
202344080111
202344080211
202344090611
202344090711
202344091909
202344092111
202344100411
202344100511
202344103111
202344110309
202344110310
202344110311
202344111511
202344111611
202344120611
202344120711
202344120911
202344122609
202344122809
202344122909
202344123010
202345010211
202345010311
202345020111
202345020211
202345022811
202345030111
202345030211
202345040511
202345040611
202345051711
202345061311
202345061411
202345061511
202345070511
202345070611
202345072711
202345072811
202345082311
202345082411
202345091110
202345091311
202345091411
202345101011
202345101111
202345101211
202345110711
202345110811
202345110911
202345121210
202345121311
202345121411
202346092610
202347012609
202347020909
202347022309
202347030809
202347032108
202347032310
202347040511
202347042611
202347042711
202347052511
202347060811
202347060911
202347062010
202347062210
202347070610
202347072011
202347080311
202347080411
202347081610
202347081810
202347083011
202347091411
202347092609
202347092810
202347101210
202347102711
202347110910
202347112110
202347112410
202347120710
202347122711
202347122911
202347123010
202347123110
202348010411
202348011710
202348020211
202348021410
202348022810
202348031611
202348033011
202348041111
202348042011
202348050211
202348050311
202348051911
202348053111
202348061511
202348071711
202348080811
202348082211
202348082411
202348090511
202348092211
202348100511
202348103111
202348111611
202348112811
202348122110
202350050311
202350112211
202350122011
202354031404
202355010506
202355011209
202355011508
202355012209
202355020909
202355022609
202355030509
202355031209
202355032606
202355040906
202355041606
202355043006
202355051406
202355052806
202355061106
202355062506
202355070905
202355072306
202355081306
202355082006
202355083111
202355090306
202355092406
202355100106
202355101506
202355102207
202355102909
202355111206
202355112606
202355120306
202355122407
202401010111
202401010211
202401010311
202401010410
202401010411
202401010511
202401010611
202401020111
202401020208
202401020211
202401020408
202401020411
202401020511
202401020611
202401020710
202401020711
202401020809
202401020811
202402010211
202402010411
202402010511
202402010611
202402010711
202402010811
202402010911
202402011011
202402011111
202402011211
202403010105
202403010111
202403010210
202403010211
202403010411
202403010505
202403010511
202403020101
202403020111
202403020211
202403020311
202403020411
202403020511
202403020610
202403020611
202403020711
202403020811
202403030111
202403030211
202403030311
202403030409
202403030411
202403030505
202403030511
202403030611
202404010104
202404010111
202404010211
202404010301
202404010311
202404010410
202404010411
202404010611
202404010701
202404010811
202404020107
202404020109
202404020206
202404020207
202404020306
202404020307
202404020407
202404020411
202404030111
202404030210
202404030211
202404030304
202404030310
202404030311
202404030411
202404030511
202404030610
202404030611
202404030711
202404030811
202404040101
202404040211
202404040411
202404040504
202404040511
202404040611
202404040701
202404040711
202404040811
202405010109
202405010110
202405010111
202405010210
202405010211
202405010311
202405010410
202405010411
202405010510
202405010511
202405010609
202405010610
202405010611
202405010710
202405010711
202405010809
202405010810
202405010811
202405020110
202405020111
202405020210
202405020211
202405020309
202405020310
202405020311
202405020410
202405020411
202405020509
202405020510
202405020511
202405020609
202405020610
202405020611
202405020710
202405020711
202405020811
202405020812
202405020911
202405021009
202405021010
202405021011
202405021111
202405021209
202405021210
202405021211
202405021212
202405030111
202405030210
202405030211
202405030311
202405030410
202405030411
202405030511
202405030611
202405030708
202405030711
202405030810
202405030811
202405040110
202405040111
202405040209
202405040210
202405040211
202405040309
202405040310
202405040311
202405040410
202405040411
202405040509
202405040510
202405040511
202405040610
202405040611
202405040710
202405040711
202405040810
202405040811
202405040812
202405050108
202405050110
202405050111
202405050210
202405050211
202405050310
202405050311
202405050409
202405050410
202405050411
202405050510
202405050511
202405050610
202405050611
202405050709
202405050710
202405050711
202405050811
202405050812
202406010109
202406010110
202406010111
202406010210
202406010211
202406010308
202406010310
202406010311
202406010410
202406010411
202406010509
202406010510
202406010511
202406010611
202406010710
202406010711
202406020111
202406020210
202406020211
202406020310
202406020311
202406020409
202406020410
202406020411
202406020510
202406020511
202406020610
202406020611
202406020708
202406020710
202406020711
202406020809
202406020810
202406020811
202406030109
202406030110
202406030111
202406030210
202406030211
202406030311
202406030410
202406030411
202406030510
202406030511
202406030611
202406030710
202406030711
202406030810
202406030811
202406030812
202406040111
202406040210
202406040211
202406040311
202406040410
202406040411
202406040511
202406040608
202406040609
202406040611
202406040710
202406040711
202406040809
202406040811
202406040911
202406040912
202406050108
202406050111
202406050209
202406050210
202406050211
202406050310
202406050311
202406050410
202406050411
202406050511
202406050610
202406050611
202406050710
202406050711
202406050811
202406050812
202406050911
202406050912
202407010111
202407010210
202407010211
202407010310
202407010311
202407010411
202407010511
202407010611
202407020104
202407020111
202407020210
202407020211
202407020311
202407020411
202407020504
202407020511
202407020611
202407020711
202407020810
202407020811
202407030110
202407030111
202407030210
202407030211
202407030308
202407030309
202407030311
202407030410
202407030411
202407030511
202407030608
202407030611
202407030710
202407030711
202407030810
202407030811
202407030910
202407030911
202407040111
202407040211
202407040311
202407040411
202407040509
202407040511
202407040611
202408010109
202408010110
202408010111
202408010210
202408010211
202408010310
202408010311
202408010410
202408010411
202408010510
202408010511
202408010609
202408010611
202408010710
202408010711
202408020111
202408020210
202408020211
202408020309
202408020310
202408020311
202408020409
202408020410
202408020411
202408020510
202408020511
202408020610
202408020611
202408020710
202408020711
202408020810
202408020811
202408030110
202408030111
202408030210
202408030211
202408030311
202408030410
202408030411
202408030412
202408030510
202408030511
202408030609
202408030610
202408030611
202408030708
202408030710
202408030711
202408030810
202408030811
202408030911
202408031010
202408031011
202408031109
202408031110
202408031111
202408031210
202408031211
202408031212
202408040111
202408040201
202408040210
202408040211
202408040311
202408040410
202408040411
202408040501
202408040510
202408040511
202408040610
202408040611
202408040710
202408040711
202408040810
202408040811
202408050110
202408050111
202408050209
202408050210
202408050211
202408050310
202408050311
202408050408
202408050410
202408050411
202408050511
202408050610
202408050611
202408050612
202408050708
202408050710
202408050711
202408050810
202408050811
202408060110
202408060111
202408060210
202408060211
202408060308
202408060309
202408060310
202408060311
202408060410
202408060411
202408060511
202408060609
202408060610
202408060611
202408060711
202408060809
202408060810
202408060811
202408060812
202408070110
202408070111
202408070210
202408070211
202408070304
202408070311
202408070409
202408070410
202408070411
202408070504
202408070511
202408070610
202408070611
202408070612
202408070710
202408070711
202408070810
202408070811
202408070911
202408070912
202409010109
202409010110
202409010111
202409010209
202409010210
202409010211
202409010310
202409010311
202409010410
202409010411
202409010508
202409010510
202409010511
202409010610
202409010611
202409010710
202409010711
202409010810
202409010811
202409020111
202409020210
202409020211
202409020308
202409020311
202409020409
202409020410
202409020411
202409020412
202409020510
202409020511
202409020609
202409020610
202409020611
202409020612
202409020710
202409020711
202409020810
202409020811
202410010111
202410010210
202410010211
202410010305
202410010411
202410010508
202410010611
202410010704
202410010811
202410020105
202410020211
202410020304
202410020311
202410020411
202410020508
202410020611
202410020811
202410030111
202410030210
202410030211
202410030304
202410030311
202410030411
202410030511
202410030611
202410030701
202410030709
202410030711
202410030811
202430041811
202430042511
202430050212
202430050912
202430051505
202430051605
202430051610
202430052312
202430053006
202430053007
202430060612
202430061310
202430061812
202430061912
202430062012
202430062506
202430062604
202430070306
202430070408
202430070907
202430071107
202430071112
202430071712
202430071807
202430071812
202430072408
202430072512
202430073008
202430073112
202430080108
202430080112
202430080812
202430081311
202430081406
202430081411
202430081509
202430081511
202430082106
202430082112
202430082212
202430082711
202430082806
202430090508
202430091105
202430091207
202430091212
202430091809
202430091912
202430092506
202430092607
202430092612
202430100212
202430100312
202430100910
202430101010
202430101012
202430101509
202430101707
202430102309
202430102412
202430102908
202430103007
202430103111
202430110411
202430110612
202430110709
202430110712
202435051211
202435051411
202435052610
202435052810
202435052811
202435070712
202435070911
202435070912
202435071512
202435072111
202435072311
202435080511
202435080611
202435081412
202435081811
202435082011
202435090111
202435090212
202435090310
202435090311
202435101412
202435101511
202435101512
202435102711
202435102812
202435111012
202436031710
202436031711
202436033010
202436033112
202436041412
202436041612
202436042811
202436042812
202436060912
202436062311
202436062511
202436062512
202436091611
202436092912
202436100112
202436112412
202436112511
202436112512
202436120912
202436121112
202436122310
202436122311
202436123011
202436123112
202442011011
202442011109
202442022011
202442022111
202442032711
202442041611
202442041711
202442041811
202442052111
202442052211
202442061911
202442071711
202442082011
202442082111
202442091811
202442102311
202442112011
202442122411
202443011611
202443011711
202443011811
202443011901
202443020711
202443020811
202443030611
202443030711
202443050111
202443050211
202443050311
202443052911
202443053011
202443062711
202443071811
202443072211
202443082711
202443082811
202443092511
202443092611
202443102911
202443103011
202443103111
202443112711
202443112811
202443121711
202443121811
202444012311
202444012411
202444012511
202444021309
202444021411
202444022711
202444022803
202444022811
202444022908
202444031911
202444032011
202444040809
202444040911
202444041011
202444042311
202444042411
202444042511
202444051310
202444051511
202444060411
202444060511
202444060611
202444060710
202444062611
202444070809
202444071011
202444071109
202444073111
202444080111
202444090907
202444091011
202444091111
202444091211
202444100111
202444100211
202444100311
202444101611
202444110611
202444110711
202444120109
202444120311
202444120411
202444120511
202444122511
202444122607
202444122909
202444123010
202445010311
202445013111
202445020111
202445020201
202445031211
202445031311
202445031411
202445040211
202445040311
202445040411
202445050611
202445050811
202445061111
202445061211
202445061311
202445070311
202445070411
202445072411
202445080711
202445080811
202445090411
202445090511
202445090610
202445100811
202445100911
202445101011
202445111211
202445111311
202445111411
202445121011
202445121111
202445121211
202446092311
202447011110
202447012509
202447020809
202447022209
202447030509
202447030709
202447032010
202447032210
202447040410
202447042912
202447050911
202447052312
202447060610
202447061810
202447062010
202447070410
202447071811
202447080111
202447081411
202447081510
202447082911
202447092310
202447092509
202447092609
202447100908
202447101010
202447102411
202447110711
202447111911
202447112911
202447121010
202447121211
202447121311
202447122910
202447123010
202447123110
202448010111
202448010411
202448011612
202448013110
202448020111
202448021511
202448022910
202448031411
202448032811
202448040910
202448041111
202448050311
202448050611
202448051712
202448052911
202448061312
202448071511
202448072311
202448080811
202448082211
202448090511
202448091911
202448101711
202448102911
202448112111
202448120311
202448121911
202450040411
202450042911
202450112111
202450122511
202454032605
202455010605
202455010807
202455011308
202455012109
202455020409
202455021210
202455022508
202455031008
202455032406
202455040706
202455042106
202455042806
202455051906
202455052606
202455061605
202455063006
202455071305
202455071407
202455072808
202455081106
202455090106
202455090806
202455092905
202455100606
202455101904
202455102006
202455110409
202455110410
202455110411
202455110412
202455112407
202455120106
202455120806
202455122206
202501010111
202501010210
202501010211
202501010311
202501010411
202501010511
202501010611
202501010709
202501010711
202501010811
202501020109
202501020111
202501020211
202501020309
202501020411
202501020511
202501020611
202502010111
202502010411
202502010511
202502010611
202502010711
202502010811
202502010911
202502011011
202502011111
202502011211
202503010111
202503010210
202503010211
202503010411
202503010611
202503020111
202503020210
202503020211
202503020301
202503020311
202503020411
202503020510
202503020511
202503020610
202503020611
202503020701
202503020711
202503020811
202503030111
202503030211
202503030311
202503030409
202503030411
202503030505
202503030511
202503030611
202504010104
202504010111
202504010211
202504010304
202504010311
202504010411
202504010511
202504010611
202504010701
202504010811
202504020107
202504020207
202504020307
202504020309
202504020407
202504020507
202504020508
202504020606
202504020607
202504020707
202504020709
202504020806
202504020807
202504030111
202504030209
202504030210
202504030211
202504030301
202504030311
202504030411
202504040111
202504040211
202504040311
202504040411
202505010109
202505010110
202505010111
202505010210
202505010211
202505010311
202505010410
202505010411
202505010510
202505010511
202505010609
202505010610
202505010611
202505010710
202505010711
202505010809
202505010810
202505010811
202505020110
202505020111
202505020209
202505020210
202505020211
202505020309
202505020310
202505020311
202505020409
202505020410
202505020411
202505020509
202505020510
202505020511
202505020610
202505020611
202505020612
202505020711
202505020811
202505020812
202505020911
202505021010
202505021011
202505021012
202505021111
202505021209
202505021210
202505021211
202505021212
202505030111
202505030211
202505030304
202505030310
202505030311
202505030410
202505030411
202505030511
202505030610
202505030611
202505040104
202505040110
202505040111
202505040210
202505040211
202505040311
202505040410
202505040411
202505040510
202505040511
202505040609
202505040610
202505040611
202505040709
202505040711
202505040712
202505040810
202505040811
202505040911
202505041010
202505041011
202505041110
202505041111
202505050110
202505050111
202505050210
202505050211
202505050308
202505050310
202505050311
202505050409
202505050410
202505050411
202505050510
202505050511
202505050610
202505050611
202505050709
202505050710
202505050711
202505050811
202505050812
202506010109
202506010110
202506010111
202506010208
202506010211
202506010311
202506010410
202506010411
202506010510
202506010511
202506010610
202506010611
202506010709
202506010710
202506010711
202506010811
202506010910
202506010911
202506020110
202506020111
202506020210
202506020211
202506020310
202506020311
202506020409
202506020410
202506020411
202506020510
202506020511
202506020610
202506020611
202506020708
202506020710
202506020711
202506020810
202506020811
202506030109
202506030110
202506030111
202506030210
202506030211
202506030311
202506030410
202506030411
202506030504
202506030510
202506030511
202506030611
202506030710
202506030711
202506030810
202506030811
202506030812
202506040111
202506040210
202506040211
202506040304
202506040311
202506040410
202506040411
202506040511
202506040609
202506040611
202506040710
202506040711
202506040809
202506040811
202506040911
202506040912
202506050108
202506050111
202506050209
202506050210
202506050211
202506050310
202506050311
202506050410
202506050411
202506050511
202506050610
202506050611
202506050710
202506050711
202506050712
202506050810
202506050811
202506050812
202507010110
202507010111
202507010210
202507010211
202507010308
202507010311
202507010410
202507010411
202507010510
202507010511
202507010610
202507010611
202507010711
202507010809
202507010811
202507010910
202507010911
202507020111
202507020210
202507020211
202507020311
202507020411
202507020511
202507020610
202507020611
202507030107
202507030109
202507030207
202507030307
202507030406
202507030407
202507030501
202507030507
202507030607
202507030707
202507030807
202507040101
202507040111
202507040211
202507040311
202507040410
202507040411
202507050111
202507050211
202507050311
202507050411
202507050509
202507050511
202507050611
202508010111
202508010210
202508010211
202508010309
202508010310
202508010311
202508010409
202508010410
202508010411
202508010510
202508010511
202508010610
202508010611
202508010710
202508010711
202508010809
202508010810
202508010811
202508020104
202508020110
202508020111
202508020210
202508020211
202508020311
202508020410
202508020411
202508020412
202508020511
202508020609
202508020610
202508020611
202508020708
202508020710
202508020711
202508020810
202508020811
202508020910
202508020911
202508021010
202508021011
202508021109
202508021110
202508021111
202508021204
202508021210
202508021211
202508021212
202508030110
202508030111
202508030209
202508030210
202508030211
202508030304
202508030311
202508030410
202508030411
202508030511
202508030611
202508030709
202508030710
202508030711
202508030804
202508030810
202508030811
202508030909
202508030910
202508030911
202508031010
202508031011
202508031110
202508031111
202508040108
202508040110
202508040111
202508040210
202508040211
202508040310
202508040311
202508040410
202508040411
202508040412
202508040510
202508040511
202508040610
202508040611
202508040612
202508040710
202508040711
202508040810
202508040811
202508040812
202509010109
202509010110
202509010111
202509010210
202509010211
202509010310
202509010311
202509010410
202509010411
202509010508
202509010510
202509010511
202509010610
202509010611
202509010709
202509010710
202509010711
202509010810
202509010811
202509020108
202509020111
202509020210
202509020211
202509020310
202509020311
202509020409
202509020410
202509020411
202509020412
202509020510
202509020511
202509020609
202509020610
202509020611
202509020612
202509020711
202509020810
202509020811
202509030111
202509030211
202509030311
202509030410
202509030411
202509030412
202509030501
202509030510
202509030511
202509030610
202509030611
202509040110
202509040111
202509040210
202509040211
202509040311
202509040410
202509040411
202509040511
202509040604
202509040608
202509040611
202509040710
202509040711
202509040810
202509040811
202509040910
202509040911
202509050110
202509050111
202509050210
202509050211
202509050311
202509050409
202509050410
202509050411
202509050504
202509050509
202509050511
202509050609
202509050610
202509050611
202509050612
202509050710
202509050711
202509050810
202509050811
202509050812
202510010105
202510010111
202510010211
202510010305
202510010311
202510010411
202510010511
202510010611
202510010708
202510010711
202510010811
202510010904
202510010911
202510011011
202510011211
202510020111
202510020211
202510020311
202510020411
202510020504
202510020511
202510020611
202510020709
202510020711
202510020810
202510020811
202530042412
202530050112
202530050812
202530051506
202530051512
202530052212
202530052906
202530060512
202530061212
202530061912
202530062412
202530062506
202530062612
202530070108
202530070807
202530071012
202530071505
202530071712
202530072208
202530072312
202530072412
202530072908
202530073107
202530073112
202530080512
202530080712
202530081207
202530081311
202530081407
202530081411
202530082012
202530082112
202530082711
202530082808
202530082811
202530090406
202530091108
202530091708
202530091812
202530092307
202530092412
202530092512
202530100112
202530100212
202530100807
202530100907
202530100912
202530101608
202530102306
202530102308
202530103011
202530110311
202530110312
202530110510
202530110512
202530110612
202530111312
202535050610
202535050611
202535051811
202535052011
202535052012
202535060111
202535060311
202535060312
202535071310
202535071311
202535071511
202535072112
202535072710
202535072912
202535081011
202535081111
202535081210
202535082410
202535082511
202535090210
202535090708
202535090711
202535090912
202535101312
202535102110
202535102112
202535110106
202535110211
202535110412
202535111611
202536033011
202536033012
202536041312
202536041512
202536042710
202536042711
202536061508
202536061511
202536062912
202536070111
202536070112
202536092111
202536092311
202536092312
202536100512
202536100711
202536100712
202536113012
202536120211
202536120212
202536121612
202536122912
202536123012
202536123112
202542010811
202542010909
202542022411
202542022611
202542022803
202542032010
202542042211
202542042311
202542042411
202542052811
202542062511
202542072311
202542081911
202542082011
202542092311
202542102911
202542112611
202542122311
202543012211
202543012311
202543021111
202543021211
202543021401
202543031111
202543031211
202543031401
202543040311
202543040401
202543050511
202543050611
202543050811
202543060311
202543060411
202543070505
202543072911
202543073011
202543082711
202543082811
202543093011
202543100111
202543100211
202543100311
202543110309
202543110310
202543110311
202543110511
202543120911
202543121011
202544011511
202544011611
202544012911
202544021711
202544021911
202544022011
202544031111
202544031311
202544032611
202544032711
202544041407
202544041611
202544041711
202544042911
202544043011
202544050211
202544051909
202544052111
202544061011
202544061111
202544061211
202544061310
202544070211
202544070311
202544071611
202544071711
202544081209
202544081411
202544090311
202544090411
202544091711
202544100711
202544100811
202544100911
202544102211
202544111111
202544111211
202544111311
202544120211
202544120311
202544120411
202544122511
202544122609
202544122909
202544123010
202545010311
202545020511
202545020611
202545030411
202545030511
202545040811
202545040911
202545041010
202545041011
202545051311
202545051411
202545061711
202545061811
202545061911
202545070911
202545071011
202545080510
202545080611
202545080711
202545082611
202545091011
202545101411
202545101511
202545101611
202545111811
202545111911
202545112011
202545121611
202545121711
202545121809
202546093010
202547010909
202547012310
202547020410
202547022010
202547030409
202547030609
202547032012
202547040110
202547041610
202547041711
202547042911
202547051511
202547061012
202547061211
202547081111
202547081410
202547081511
202547082810
202547091211
202547092311
202547092410
202547092508
202547100709
202547102310
202547102411
202547111411
202547111912
202547112711
202547112812
202547121211
202547122610
202547122910
202547123010
202547123111
202548010111
202548010411
202548011611
202548012911
202548013011
202548021211
202548022407
202548031311
202548040811
202548041011
202548042411
202548050511
202548050611
202548060411
202548062611
202548071811
202548072107
202548082111
202548090411
202548091811
202548101611
202548103011
202548111311
202548112111
202548120511
202548121011
202548122410
202550040311
202550050111
202550112711
202550122511
202554032505
202555010505
202555011110
202555011204
202555012606
202555020610
202555020906
202555030810
202555030906
202555032306
202555033006
202555040604
202555041304
202555042004
202555050407
202555051804
202555060105
202555061507
202555062903
202555071905
202555082406
202555090411
202555091506
202555100505
202555100506
202555101306
202555101805
202555101905
202555102606
202555110206
202555110904
202555111606
202555113005
202555122805
202605010109
202605010110
202605010111
202605010210
202605010211
202605010410
202605010411
202605010510
202605010511
202605010609
202605010610
202605010611
202605010710
202605010711
202605010809
202605010810
202605010811
202606010109
202606010110
202606010111
202606010208
202606010211
202606010311
202606010410
202606010411
202606010510
202606010511
202606010610
202606010611
202606010709
202606010710
202606010711
202606010811
202606010910
202606010911
202606020110
202606020111
202606020210
202606020211
202606020304
202606020310
202606020311
202606020409
202606020410
202606020411
202606020510
202606020511
202606020610
202606020611
202606020708
202606020710
202606020711
202606020810
202606020811
202606030109
202606030110
202606030111
202606030210
202606030211
202607010210
202607010211
202607010310
202607010311
202607010411
202607010511
202607010610
202607010611
202608010110
202608010111
202608010210
202608010211
202608010308
202608010311
202608010410
202608010411
202608010510
202608010511
202608010610
202608010611
202608010711
202608010809
202608010810
202608010811
202608010910
202608010911
202608020111
202608020210
202608020211
202608020309
202608020310
202608020311
202608020409
202608020410
202608020411
202608020510
202608020511
202608020610
202608020611
202609010108
202609010110
202609010111
202609010210
202609010211
202609010309
202609010310
202609010311
202609010410
202609010411
202609010510
202609010511
202609010610
202609010611
202609010708
202609010710
202609010711
202609010810
202609010811
202609010910
202609010911
202609011010
202609011011
202609020108
202609020111
202609020210
202609020211
202610010104
202610010111
202610010211
202610010304
202610010311
202610010411
202610010511
202610010611
202610010708
202610010711
202610010811
202610010905
202610010911
202610011011
202610011105
202610011211
202636031511
202636031711
202636032911
202642010711
202642010809
202642022511
202642022611
202642031811
202643012111
202643012211
202643012301
202643012302
202643021011
202643021111
202643021301
202643031111
202643031211
202643031301
202644011411
202644012811
202644012911
202644021711
202644021811
202644030911
202644031011
202644032511
202644032611
202645010311
202645020411
202645020508
202645030211
202645030511
202647010910
202647012210
202647020510
202647021911
202647030510
202647031610
202647032011
202648010507
202648011511
202648012811
202648012911
202648022307
202648022611
202648031211
202654032404
202655010402
202655011103
202655011703
202655012507
202655020807
202655021210
202655030106
202655031506
202655032906